 187  102   11  100  120  196   79  197  101   54  115  177   78  177  101    8   98   72
 186  101   10   99  119  195   78  196  100   54  114  176   77  175  100    8   97   71
 187  101   11   99  120  195   79  196  100   54  114  175   78  174  100    8   98   71
 186  102   10  100  119  195   78  196  100   55  114  175   77  174  100    9   97   71
 185  101    9   99  118  193   77  194   99   55  113  173   76  172   99    8   97   70
 186  101   10  100  118  193   78  194  100   56  113  172   77  171  100    9   97   70
 185  101    9   99  118  192   77  193   99   56  112  170   76  170   99   10   96   69
 183  100    8   99  116  190   76  191   97   56  111  168   75  168   98   10   95   69
 182   99    7   98  115  189   75  190   97   55  110  166   74  166   97    9   94   68
 182   99    8   98  115  188   75  189   97   56  110  165   74  165   97   10   94   68
 181   98    7   97  114  186   74  187   96   55  109  163   73  162   96   10   93   66
 181   98    7   97  114  185   74  187   96   56  109  162   73  161   96   11   93   66
 180   98    6   97  113  185   73  186   95   56  108  161   72  160   95   11   92   66
 179   97    5   96  112  183   72  184   94   56  107  158   71  158   94   11   91   65
 179   97    5   96  112  182   72  184   94   57  107  157   71  157   94   12   91   65
 179   96    4   96  112  181   72  183   94   57  107  156   71  155   94   12   91   64
 178   95    3   95  110  180   71  181   93   57  105  153   70  153   93   12   90   63
 178   95    3   95  110  178   71  180   93   57  105  152   70  151   93   13   90   63
 177   94    2   94  109  177   70  178   92   57  104  149   69  149   92   13   89   62
 176   92    2   92  108  174   69  175   91   56  103  146   68  146   91   12   88   60
 175   92    1   92  107  173   68  174   90   57  102  145   67  144   90   13   87   60
 174   93    1   93  107  172   68  174   89   58  102  144   67  144   90   15   87   61
 174   91    1   92  107  170   68  171   89   58  102  141   67  141   89   15   86   59
 174   92    0   92  106  169   68  171   89   59  102  140   66  140   89   17   86   60
 174   92    0   93  107  168   68  170   89   61  102  138   67  138   89   19   86   60
 174   92    0   93  107  167   68  169   89   62  102  137   67  137   89   21   86   60
 175   93    1   94  107  166   69  168   90   64  102  136   67  135   90   23   87   61
 175   92    1   93  107  164   69  166   90   64  102  133   67  132   90   24   87   60
 174   92    1   94  107  163   68  165   89   66  102  131   67  131   89   27   87   61
 174   92    1   93  107  161   68  163   89   67  102  128   67  128   89   28   87   60
 173   91    0   92  106  158   67  160   88   67  101  125   66  125   88   29   86   59
 172   91    0   93  106  156   68  158   88   69  101  124   66  124   88   32   86   60
 172   91    1   92  106  155   68  157   88   70  101  122   67  122   88   33   86   60
 171   90    0   92  104  153   67  155   87   70  100  119   66  119   87   35   85   60
 170   89    0   91  104  150   67  152   87   71  100  116   66  116   87   36   85   59
 170   90    0   92  104  149   67  151   87   73  100  115   66  115   87   39   84   60
 171   89    1   92  105  147   68  149   88   74  101  113   67  113   88   41   85   60
 171   89    0   92  105  145   68  147   87   75  101  111   66  111   87   43   85   60
 171   89    0   92  105  143   67  146   87   76  100  108   66  109   87   45   85   60
 171   90    0   93  105  142   67  145   87   78  100  107   66  107   87   48   85   61
 172   90    1   93  106  141   68  143   88   80  101  105   67  106   88   51   86   62
 172   90    1   93  106  139   68  141   88   81  101  103   67  103   88   52   85   61
 172   91    1   94  106  138   68  140   88   83  101  102   67  102   88   55   86   63
 172   90    1   93  106  136   68  138   88   84  101   99   67  100   88   57   86   63
 172   91    0   94  105  134   68  137   87   85  101   98   66   98   87   60   85   63
 172   91    1   94  106  133   68  135   88   87  101   96   67   96   88   62   85   64
 172   91    0   95  105  131   68  134   87   88  101   94   66   95   87   65   85   64
 171   91    0   94  105  129   68  132   87   89  100   92   66   93   87   67   85   65
 171   91    0   95  105  128   67  131   87   91  100   91   66   91   87   69   84   66
 171   92    0   96  105  127   68  129   87   93  100   90   66   90   87   72   84   66
 171   91    0   95  105  124   67  127   87   93  100   87   66   88   87   73   84   66
 171   91    0   95  105  123   68  126   87   94  100   86   66   86   87   76   84   67
 171   91    1   95  105  121   68  124   87   95  100   84   66   85   87   77   85   67
 170   91    0   95  104  120   67  122   86   96  100   83   66   83   86   79   84   68
 169   91    0   95  104  118   67  121   86   97   99   81   65   82   86   81   84   68
 169   91    0   95  104  117   67  119   86   98   99   80   65   80   86   83   84   68
 169   90    0   95  103  114   67  117   86   98   99   78   65   78   86   84   84   68
 168   90    0   95  103  113   66  116   85  100   98   77   65   77   85   86   83   69
 168   91    1   95  103  112   67  115   86  101   99   76   65   76   86   88   83   70
 168   91    1   96  103  111   67  114   86  101   99   74   65   75   86   89   83   70
 167   91    0   96  102  110   66  113   85  102   98   74   64   74   85   90   83   70
 167   90    0   95  102  109   66  112   85  101   98   72   64   73   85   90   82   69
 167   90    0   95  102  109   66  112   85  101   98   72   64   73   85   90   82   69
 167   90    0   95  102  109   66  112   85  101   98   72   64   73   85   90   82   69
