 183   99    9  100  118  190   78  191   97   56  113  168   77  168   96   10   95   69
 184   99    9  100  118  190   78  191   97   56  113  168   77  168   96   10   95   69
 184   98    9  100  118  189   78  191   97   55  114  168   78  168   96    9   95   69
 183   98    9  101  119  189   79  191   96   56  114  168   78  168   95   10   95   69
 183   96    8  100  119  188   79  190   95   55  114  167   78  167   94    9   94   68
 183   95    9  101  120  188   80  190   95   55  115  166   79  167   93    9   94   68
 183   95    9  103  121  188   81  191   95   55  116  166   80  168   92   10   94   69
 182   93    9  103  122  187   82  190   94   55  116  165   81  167   91    9   93   68
 182   92    9  104  124  186   84  190   93   55  118  165   82  167   90    9   93   68
 181   90    9  106  124  185   85  190   92   55  118  164   82  167   87   10   92   68
 181   87    9  106  126  183   87  189   91   54  119  162   84  166   85    9   91   67
 181   85    9  108  128  182   88  189   90   54  121  161   85  166   84    9   90   67
 181   83   11  110  130  181   91  189   90   54  123  161   88  166   82   10   90   67
 179   80   10  111  131  179   93  187   87   54  123  159   88  165   79    9   88   66
 178   77   10  112  133  177   94  186   86   53  124  156   90  163   76    9   87   65
 176   73   10  113  134  174   96  185   84   52  125  154   91  162   73    9   86   65
 175   70   10  115  136  172   99  183   82   52  126  152   92  161   70    9   84   64
 174   67   12  117  139  170  102  182   81   52  129  150   95  160   67   10   83   64
 171   63   11  118  140  166  103  180   78   51  129  147   96  158   63    9   81   63
 168   58   11  119  141  162  105  178   75   50  129  144   97  156   59    9   79   62
 167   54   13  120  143  159  108  175   74   49  131  141   99  154   56    9   78   61
 165   51   14  122  145  156  111  173   72   49  132  138  101  152   53   10   76   60
 162   46   14  122  146  151  112  170   70   47  132  134  101  149   49    9   74   58
 160   43   14  123  146  148  113  167   67   47  132  131  102  147   46    9   72   58
 158   40   15  124  147  145  115  165   66   46  133  129  104  146   44    9   71   57
 155   37   15  124  148  142  116  163   64   46  133  126  104  144   41   10   69   56
 154   33   16  124  149  138  118  160   63   45  134  123  105  141   39    9   69   55
 151   31   16  125  149  136  118  159   61   45  133  121  105  140   36   10   66   55
 149   28   16  124  148  133  118  156   59   43  132  118  105  138   33    9   64   53
 146   26   15  124  148  130  118  154   57   43  132  116  105  136   31    9   63   52
 144   25   15  125  147  129  118  153   55   43  131  115  104  135   28   10   61   53
 141   22   14  124  146  126  117  150   53   42  129  112  103  133   26    9   59   51
 140   21   14  125  146  125  117  149   52   42  129  111  103  132   24    9   58   51
 138   19   14  124  145  123  117  148   51   41  128  109  103  131   23    9   57   50
 137   19   14  125  145  123  117  148   50   42  128  109  103  131   22   10   56   51
 137   18   14  125  146  122  118  147   50   42  129  109  103  131   22   10   56   51
 136   18   14  125  145  121  118  147   49   42  128  108  103  130   20   10   55   51
 135   18   14  125  145  121  118  146   49   41  128  108  103  130   21   10   55   51
 136   17   14  125  145  120  118  146   49   41  128  108  103  130   21   10   55   51
 135   17   14  125  145  120  118  146   49   41  128  107  103  130   20   10   55   50
 135   17   14  125  145  120  118  146   48   41  128  107  103  129   20   10   55   50
