 205  126   53  135  151  211  116  215  131   90  141  195  109  196  129   50  125  104
 205  126   52  135  151  211  115  215  130   90  141  195  109  196  128   50  124  104
 205  125   53  134  152  210  116  214  131   89  142  194  110  195  129   49  125  103
 206  125   53  134  152  211  116  214  131   90  142  194  110  196  129   49  125  104
 205  125   52  134  151  211  115  214  131   89  141  194  109  196  128   49  125  104
 205  125   53  134  151  211  116  214  131   90  142  194  110  196  129   50  125  104
 205  126   53  135  151  211  116  214  131   90  141  194  110  196  129   50  125  104
 205  125   53  134  151  211  116  214  131   90  141  194  110  196  129   50  125  104
 204  125   52  134  150  210  115  213  130   90  141  194  109  195  128   50  125  104
 204  126   54  135  151  210  116  213  131   91  141  194  110  195  129   51  125  105
 203  125   54  134  150  209  116  212  130   91  141  193  109  194  128   51  125  104
 203  125   55  133  151  208  117  211  131   90  142  191  111  193  129   51  126  104
 202  125   56  133  151  207  117  210  131   91  142  191  111  193  129   52  126  104
 201  126   56  134  150  207  116  210  130   92  141  191  111  193  128   54  125  105
 199  126   56  134  149  206  116  209  130   92  140  191  110  192  128   54  125  105
 199  126   58  134  149  205  117  208  131   92  141  190  111  192  129   55  125  106
 199  125   59  133  150  204  117  207  131   92  141  189  112  190  129   55  126  105
 198  126   59  133  149  204  117  207  131   93  140  189  111  191  129   57  126  106
 197  126   60  133  148  203  116  206  130   93  140  188  111  190  128   57  125  107
 196  127   61  134  148  203  117  205  130   94  140  188  111  190  129   59  126  107
 196  126   62  133  148  201  117  204  131   94  140  187  112  189  129   59  126  107
 195  126   62  133  148  201  117  203  130   94  140  187  112  188  129   59  126  107
 194  127   62  133  147  200  116  203  130   95  139  187  111  188  129   60  125  108
 193  126   63  133  146  199  116  202  130   95  138  186  111  187  128   60  125  108
 193  126   64  132  146  199  116  201  130   95  139  186  112  187  129   61  126  108
 192  127   63  133  146  199  116  201  130   95  138  186  111  187  129   61  125  108
 192  127   64  133  146  199  116  201  130   96  138  186  111  187  129   62  125  109
 193  127   65  132  146  198  116  200  131   95  139  186  112  187  130   61  126  108
 192  128   64  133  146  199  116  201  131   96  138  186  111  187  129   62  126  109
 193  127   65  133  146  199  117  201  131   96  139  186  112  187  130   62  126  109
 192  127   64  133  146  199  116  201  130   95  138  186  111  187  129   61  126  108
 193  127   64  133  146  199  116  201  131   95  139  186  112  187  130   61  126  109
 193  127   64  133  146  199  116  202  131   95  138  187  111  188  129   61  126  108
 193  128   63  133  146  200  116  202  130   96  138  187  111  188  129   61  125  109
 195  127   63  132  147  200  116  202  131   94  139  187  111  188  130   60  126  108
 195  127   63  133  147  201  116  203  131   95  139  188  111  189  130   60  126  108
 196  127   62  133  147  201  116  203  131   94  139  187  111  189  130   59  126  107
 196  127   61  133  147  202  116  204  131   94  139  188  111  189  130   59  126  107
 197  127   61  133  148  202  116  204  131   94  140  188  111  189  130   58  126  107
 197  127   60  133  148  203  116  205  131   93  140  188  111  190  130   57  126  107
 198  127   60  133  148  204  116  206  131   93  140  189  111  190  130   57  126  107
 198  127   59  133  148  204  116  207  131   93  140  190  110  191  129   57  126  107
 199  127   58  133  148  205  115  207  131   93  140  190  110  191  129   56  126  106
 199  126   58  133  148  205  116  208  131   92  140  190  110  191  129   55  126  106
 200  127   57  133  148  206  115  209  131   92  140  191  110  192  129   55  125  106
 201  126   57  133  149  206  116  209  131   92  141  191  110  192  129   54  126  105
 201  126   56  134  149  207  116  210  130   92  141  192  110  193  129   54  125  106
 201  125   55  134  150  207  116  210  130   91  141  191  110  193  128   52  125  105
 202  126   55  135  150  208  116  211  131   92  141  192  111  194  129   53  125  105
 203  125   55  134  151  208  117  211  131   91  142  192  111  194  129   52  126  104
 203  126   54  135  150  209  116  212  130   91  141  193  110  195  128   52  125  105
 203  125   54  134  151  209  116  212  131   91  141  192  110  194  129   51  125  104
 203  125   54  134  151  209  116  212  131   90  142  192  110  194  129   51  125  104
 203  125   54  134  151  209  116  212  131   90  142  192  110  194  129   51  125  104
 203  125   54  134  150  209  116  212  130   91  141  192  110  194  128   51  125  104
 203  125   54  134  150  208  116  212  130   90  141  192  110  194  128   51  125  104
 203  125   54  134  151  208  116  212  130   91  142  192  111  194  128   51  125  104
 202  125   55  134  151  208  116  211  131   90  142  191  111  193  128   52  125  104
 201  126   55  135  150  208  116  212  130   92  141  192  110  194  128   53  125  105
 202  125   56  133  150  207  117  210  131   91  142  191  111  193  129   53  126  105
 200  126   56  134  149  207  115  210  130   92  140  191  110  193  128   54  125  105
 201  127   57  134  149  207  116  210  131   93  141  191  111  193  130   55  126  106
 200  127   58  133  149  206  116  208  131   92  140  190  111  192  130   55  126  106
 199  127   58  133  148  205  115  208  131   93  140  190  110  191  129   56  126  106
 198  127   58  133  148  204  115  207  131   93  140  189  110  190  129   56  126  106
 197  127   59  132  147  203  115  206  130   93  139  189  110  190  129   56  126  106
 197  127   60  133  147  203  116  206  131   94  140  189  111  190  130   58  126  107
 196  127   60  133  147  203  115  205  131   94  139  189  110  190  129   58  126  107
 196  128   60  133  146  202  115  205  130   94  139  188  110  189  129   59  126  107
 196  128   62  133  147  202  116  204  131   95  139  188  111  189  130   59  126  108
 195  128   62  132  147  201  116  203  131   95  139  187  111  188  130   60  126  107
 194  127   62  132  146  200  115  202  131   94  138  187  111  187  130   60  126  107
 194  127   63  132  146  199  116  201  131   94  139  186  111  187  130   60  126  107
 194  128   64  133  146  200  116  202  131   96  139  187  112  187  130   61  126  108
 194  127   64  132  147  199  117  201  131   95  139  186  112  187  130   61  127  108
 193  127   64  132  146  199  116  201  130   96  139  186  111  187  129   62  126  108
 192  128   64  133  146  199  116  201  130   96  139  186  112  187  129   62  126  109
 193  127   64  133  146  198  117  201  130   95  139  186  112  187  129   62  126  108
 193  127   64  133  146  199  117  201  130   96  139  186  112  187  129   62  126  109
 193  127   64  133  146  198  117  201  130   95  139  186  112  187  129   61  126  108
 193  127   64  133  146  199  117  201  130   95  139  186  112  187  129   61  126  108
 193  127   64  133  147  199  117  202  131   96  140  187  112  188  129   61  126  109
 194  127   63  133  147  200  117  202  130   95  139  187  112  188  129   61  126  108
 194  127   63  134  147  200  117  203  130   95  139  187  112  188  129   61  126  108
 195  127   63  133  147  201  117  203  131   95  140  187  112  189  129   60  126  108
 196  127   62  134  148  202  117  204  131   95  140  188  112  189  129   60  126  108
 195  126   60  133  147  202  116  204  130   94  139  188  111  189  128   58  125  107
 197  126   61  133  148  202  117  205  131   93  141  188  112  190  129   57  126  107
 198  126   60  134  149  204  117  206  131   93  141  189  112  191  129   57  126  107
 198  127   58  134  148  204  116  207  130   93  140  190  111  191  129   56  125  107
 199  127   58  134  148  205  116  208  131   93  140  191  111  192  129   55  126  106
 200  127   56  133  148  206  115  208  130   92  140  191  110  192  129   54  125  106
 200  127   55  133  148  207  114  209  130   92  139  191  109  192  129   53  125  105
 202  127   56  133  149  207  115  210  131   91  140  191  110  193  130   53  126  105
 202  127   54  133  148  208  114  211  130   91  140  192  109  193  129   52  125  105
 203  127   55  133  149  209  115  212  132   92  141  193  110  194  130   52  126  105
 203  127   54  133  149  210  114  212  131   91  140  193  109  194  129   52  125  105
 204  127   53  133  149  210  114  213  131   91  140  193  109  194  130   52  126  105
 204  127   53  133  149  210  114  213  131   91  141  193  109  194  130   51  126  104
 204  127   53  134  149  211  114  214  131   91  140  194  109  195  130   52  125  105
 204  127   53  133  149  211  114  213  131   91  140  193  109  195  130   51  126  104
 204  127   53  133  149  211  114  213  131   91  140  193  108  195  130   51  125  104
 204  127   53  133  149  210  115  213  132   91  140  193  109  194  130   51  126  104
 204  127   54  134  150  211  115  213  132   91  140  193  109  195  131   51  126  104
 203  126   53  134  149  210  114  213  132   91  139  193  108  194  130   51  125  104
 203  126   54  134  149  210  115  213  132   91  139  193  108  194  130   52  125  104
 203  126   54  134  149  209  115  213  132   91  139  192  108  194  130   51  125  104
 203  126   55  134  150  209  116  212  132   91  139  192  108  194  131   52  125  104
 202  125   55  135  150  209  116  212  132   91  139  192  108  194  131   52  125  105
 202  125   56  135  151  208  117  212  133   91  139  192  109  194  131   52  125  105
 201  123   56  135  150  207  117  211  132   90  139  191  108  194  130   52  124  104
 201  123   57  136  151  207  118  211  133   91  139  191  109  194  130   52  125  104
 200  123   57  137  152  207  119  211  133   91  139  191  109  194  130   52  124  105
 199  122   57  136  151  206  118  211  132   90  138  190  108  194  129   52  123  104
 199  122   57  137  151  206  119  211  132   91  138  190  108  194  129   52  123  104
 200  121   58  137  152  205  120  211  133   90  139  190  109  193  130   52  124  104
 199  121   58  138  152  206  119  211  132   91  138  190  108  194  129   52  123  105
 199  121   58  138  152  205  120  211  133   90  138  190  108  194  129   52  123  104
 198  120   58  138  152  206  120  211  132   91  137  190  108  194  129   52  122  105
 199  120   59  138  153  205  121  211  133   90  138  190  109  194  129   51  123  104
 198  119   59  139  153  205  122  211  133   90  138  190  109  195  129   51  122  104
 198  119   59  139  154  205  122  211  133   90  138  190  109  195  129   51  122  104
 198  118   59  139  154  204  122  211  133   89  138  190  109  194  129   51  122  104
 198  119   60  140  154  205  122  211  133   90  138  191  109  195  129   52  122  105
 197  119   59  139  153  205  121  211  133   90  137  190  108  195  129   51  122  105
 197  119   60  140  153  205  122  211  134   90  137  191  108  195  130   52  122  105
 197  120   60  139  153  205  122  211  134   90  137  191  108  195  130   52  123  105
 197  119   60  139  153  205  122  211  134   90  137  190  108  195  130   51  122  105
 197  119   61  139  153  205  122  211  134   90  137  190  108  195  130   52  123  105
 197  119   61  140  154  205  123  212  134   91  137  191  108  196  130   52  122  105
 197  118   61  141  155  204  124  211  135   90  138  190  109  195  130   52  123  105
 197  117   62  141  155  203  125  211  135   90  138  190  110  195  130   52  123  105
 196  117   62  141  155  203  125  210  134   90  138  189  110  195  129   52  122  105
 196  116   63  141  156  202  126  210  135   90  139  189  110  194  130   52  123  104
 196  116   63  141  156  202  126  210  135   90  139  189  111  195  131   52  123  105
 197  117   64  142  157  202  127  210  136   90  139  189  111  195  131   53  124  105
 196  117   64  142  157  202  127  210  136   91  140  189  112  196  130   53  123  106
 195  116   64  142  157  201  127  209  135   90  139  189  111  195  130   53  123  105
 195  116   65  142  157  201  128  209  135   91  140  189  112  195  130   54  123  106
 195  117   65  142  157  201  128  209  135   91  139  188  112  195  130   54  123  106
 195  117   67  142  157  200  128  208  136   91  140  188  113  194  130   55  124  106
 193  118   66  142  156  200  127  208  135   92  139  188  112  194  130   56  123  107
 193  118   67  141  156  199  127  206  135   92  139  187  112  193  130   56  123  107
 192  118   68  140  155  198  127  205  135   92  138  187  112  192  131   57  124  107
 191  119   69  140  155  198  127  205  135   93  138  187  112  192  131   58  124  108
 191  120   70  140  154  198  127  204  135   94  138  187  112  192  131   59  124  108
 190  121   70  140  153  198  126  204  135   94  137  187  112  191  131   60  123  109
 189  120   71  139  153  196  126  202  135   94  137  185  112  190  131   60  124  108
 189  121   71  139  153  196  126  202  135   95  137  185  112  190  131   61  124  109
 188  122   72  140  153  196  126  202  135   96  137  185  112  190  131   62  124  110
 188  121   72  138  152  195  126  200  135   95  137  184  112  188  131   62  124  109
 188  122   73  139  153  195  127  201  136   96  137  185  113  189  132   63  125  110
 186  121   73  138  151  194  126  200  135   96  136  184  112  188  131   63  124  109
 187  122   74  139  152  194  126  200  135   96  137  184  113  188  131   64  124  110
 187  123   74  139  152  195  126  200  136   97  137  184  113  188  132   64  125  110
 186  123   74  139  151  195  126  200  135   97  136  184  112  188  131   64  124  111
 186  122   73  138  151  194  125  199  135   96  136  184  112  188  131   64  124  110
 187  123   74  139  152  195  126  200  136   97  137  185  113  188  132   64  125  110
 186  122   73  138  151  195  125  200  135   96  136  184  112  188  131   63  124  110
 187  122   73  138  151  195  125  201  135   96  136  185  112  189  132   63  124  110
 187  123   73  139  151  196  125  201  135   96  136  185  112  189  132   63  124  110
 187  122   72  139  151  196  125  201  135   96  135  185  111  189  131   62  123  110
 188  122   72  139  152  196  126  202  136   95  136  186  112  190  132   62  124  109
 188  121   71  139  152  197  125  202  135   94  136  186  111  190  131   60  123  109
 189  121   70  139  153  197  126  203  135   94  137  186  111  191  131   60  123  109
 190  120   70  139  153  197  126  204  135   93  137  186  112  191  131   59  124  108
 191  119   69  139  154  198  126  204  135   93  138  186  112  191  131   57  124  107
 191  119   67  139  153  198  125  205  134   92  137  187  111  192  130   57  123  107
 192  118   67  140  154  199  126  206  135   92  137  187  111  192  130   56  123  106
 194  118   67  140  155  200  127  207  135   91  138  188  111  193  131   55  123  106
 194  118   65  141  155  201  126  209  135   91  138  189  111  194  130   55  123  106
 195  118   65  141  155  202  126  209  135   91  138  189  111  194  131   53  123  106
 195  118   63  141  154  203  125  211  135   91  137  190  109  196  130   53  122  106
 196  118   62  142  155  204  125  212  135   91  137  191  109  196  130   53  122  106
 197  117   62  141  155  204  125  211  136   89  138  190  109  195  131   51  123  104
 197  117   61  141  155  205  124  212  135   89  137  190  108  196  131   51  122  104
 198  117   61  142  156  205  125  213  136   90  138  191  109  197  131   51  123  104
 199  117   60  142  156  206  124  214  136   90  138  191  109  197  131   50  123  104
 198  117   59  141  155  205  124  213  135   89  137  191  108  196  131   50  122  104
 199  117   60  141  156  206  124  213  136   89  138  191  109  196  132   49  123  103
 199  117   59  142  155  206  123  214  135   89  137  191  108  197  131   50  122  104
 198  117   60  141  155  206  123  213  135   89  137  191  108  196  131   50  123  104
 199  117   60  141  155  205  124  213  136   89  137  190  108  196  132   50  123  104
 198  116   60  141  155  204  124  212  136   89  137  190  108  195  131   50  123  103
 198  117   61  141  155  204  124  212  136   89  137  190  109  195  132   51  123  104
 197  118   62  141  155  204  124  211  136   90  137  190  109  195  132   52  123  105
 197  117   62  140  154  203  124  210  136   90  137  189  109  194  132   52  123  104
 196  117   63  140  154  202  124  209  136   90  137  188  109  193  132   52  123  104
 196  118   64  140  154  202  124  209  136   91  137  188  109  193  132   54  124  105
 195  119   65  140  154  201  124  208  136   91  137  188  109  193  132   54  123  105
 193  119   65  140  153  201  123  208  135   92  136  188  109  193  131   56  123  106
 193  119   66  139  152  200  124  207  135   92  136  187  109  192  132   56  123  106
 192  119   67  139  152  199  123  205  135   92  136  186  109  191  132   57  123  106
 192  120   67  139  152  199  123  205  136   93  135  186  109  191  132   58  124  107
 191  121   68  139  152  199  124  205  136   94  136  186  110  191  133   59  124  107
 190  120   69  138  151  197  123  203  136   93  135  185  109  189  132   58  124  107
 190  120   70  138  151  197  124  203  136   94  135  185  110  189  133   59  124  107
 190  120   70  138  151  196  124  202  136   94  135  185  110  189  133   60  124  107
 189  121   70  138  151  196  124  202  135   94  135  184  110  188  132   60  124  108
 189  121   71  138  151  196  124  201  136   95  135  184  110  188  133   61  124  108
 187  121   71  138  149  196  123  201  135   95  134  184  109  188  132   61  123  108
 187  121   71  137  149  195  123  200  135   95  134  184  109  187  132   61  124  108
 187  122   72  138  150  196  124  201  136   96  134  184  110  188  133   62  124  109
 187  122   72  138  149  196  123  201  135   96  134  184  109  188  132   63  124  109
 187  122   72  137  149  195  123  200  135   95  134  184  110  188  133   62  124  109
 186  123   71  138  149  196  123  201  135   96  134  185  109  188  132   63  123  109
 187  122   72  137  149  195  123  200  136   95  134  184  110  188  133   62  124  108
 187  122   71  138  150  196  123  201  135   96  134  185  110  189  132   62  124  109
 188  122   71  138  150  197  123  202  135   95  134  185  109  189  132   62  123  109
 188  121   71  138  150  196  124  202  136   95  135  185  110  189  132   61  124  108
 188  121   70  138  150  197  123  202  135   94  134  185  109  189  132   60  123  108
 189  121   69  139  151  198  124  204  135   94  135  186  109  190  132   60  123  108
 190  120   68  138  151  198  123  204  135   93  134  185  109  190  131   58  123  107
 191  120   67  139  151  199  123  205  135   93  135  186  109  191  132   58  123  107
 192  119   67  138  152  199  124  205  136   92  136  186  109  191  132   56  124  106
 193  119   66  139  152  200  124  206  136   91  136  187  109  191  132   55  123  105
 194  119   65  139  153  201  124  208  136   91  137  187  109  192  132   55  124  105
 195  118   64  139  153  201  124  208  136   91  136  188  109  193  132   53  123  105
 195  118   63  140  153  203  123  210  135   91  136  189  108  194  131   53  123  105
 196  117   62  140  154  203  123  210  135   90  137  189  108  194  131   52  123  104
 197  117   61  141  155  204  124  212  136   90  137  190  108  195  131   51  123  104
 199  117   61  141  156  205  124  213  136   90  138  190  109  196  132   51  123  104
 199  117   60  142  156  205  124  213  136   89  138  191  109  196  132   50  123  104
 199  116   59  141  155  205  123  213  135   89  138  190  108  196  131   49  123  103
 200  116   59  141  156  206  124  214  136   89  138  191  108  197  132   49  123  103
 200  117   58  142  156  206  124  215  135   89  138  191  108  197  131   49  123  103
 200  116   59  142  156  206  124  215  136   88  138  191  108  197  132   49  123  103
 201  115   59  141  156  206  124  214  136   88  139  190  109  196  132   48  123  102
 200  116   58  142  155  207  123  215  135   89  138  191  108  197  131   49  123  103
 200  117   58  142  156  207  124  215  136   89  138  191  108  197  132   49  123  103
 200  117   59  142  156  206  124  215  136   89  138  191  108  197  132   49  123  103
 200  117   59  142  156  206  124  214  136   89  139  191  109  197  132   49  123  103
 200  117   59  142  156  205  125  214  136   89  139  190  109  196  131   49  123  103
 200  117   60  143  157  206  126  214  135   90  140  191  110  197  130   50  123  104
 200  116   59  144  158  206  126  214  134   90  140  191  111  197  129   50  122  105
 201  116   60  145  159  206  128  215  135   90  141  191  112  198  129   50  123  105
 200  116   59  146  159  206  127  215  134   91  141  191  111  197  129   50  122  105
 200  115   59  145  158  205  127  214  134   90  141  189  111  196  129   50  122  104
 200  115   58  146  157  205  126  214  134   91  140  189  110  196  129   51  122  104
 201  114   58  145  158  205  126  214  135   90  140  188  110  195  130   50  123  103
 201  115   57  146  157  205  125  214  135   91  139  188  109  195  130   51  122  103
 202  114   57  145  157  205  124  214  135   91  139  187  109  194  130   51  123  102
 202  113   57  145  157  204  124  214  135   90  139  186  109  193  131   50  123  102
 202  113   56  145  156  205  123  214  135   90  138  186  108  193  130   50  122  101
 203  112   56  145  157  205  123  214  136   90  139  186  108  193  131   49  123  101
 203  113   56  145  157  205  123  215  136   90  139  186  108  194  131   50  123  101
 203  113   55  146  156  206  123  216  135   90  139  187  108  194  131   50  123  101
 203  112   55  145  156  205  123  215  135   90  139  186  108  194  131   49  123  101
 203  113   56  145  157  205  124  215  136   90  139  186  108  194  131   49  123  101
 202  113   56  145  157  205  123  215  135   90  139  187  108  194  131   50  123  101
 202  113   56  145  157  205  124  214  135   90  139  187  109  194  131   49  123  101
 202  114   57  145  157  205  125  215  136   90  140  188  109  195  131   50  123  102
 201  115   57  145  157  205  124  215  135   91  139  188  109  195  130   51  123  103
 201  115   58  145  157  205  125  214  135   91  140  188  110  195  130   51  123  103
 201  116   59  144  157  205  125  214  135   91  140  189  110  195  130   51  123  104
 200  116   59  144  157  205  126  214  135   91  140  189  110  196  130   51  123  104
 201  117   60  144  158  205  126  214  136   91  140  190  111  196  131   51  124  104
 200  117   60  144  157  205  125  213  135   91  139  190  110  196  130   51  123  105
 200  118   61  144  157  206  126  214  136   91  140  191  111  197  131   51  123  105
 200  119   61  144  157  206  126  214  136   92  140  191  111  197  131   52  124  106
 199  119   60  144  156  206  125  214  135   92  139  191  110  197  130   52  123  106
 199  119   61  144  156  206  125  214  135   92  139  191  110  197  131   52  123  106
 199  119   60  143  156  206  125  213  135   91  139  191  110  196  131   52  123  105
 199  118   60  143  156  206  124  213  135   91  139  190  109  196  131   52  123  105
 199  118   59  143  155  205  123  213  135   91  138  190  108  195  130   51  122  104
 199  117   59  142  155  205  123  213  135   90  138  189  108  194  131   51  123  104
 201  117   59  142  155  205  123  213  136   90  138  188  108  194  132   51  124  103
 200  117   58  142  154  205  122  213  136   91  137  188  107  194  132   51  123  103
 201  116   57  142  155  205  122  214  136   90  138  188  107  194  133   50  124  102
 202  116   57  143  154  206  122  215  136   91  137  188  107  194  133   50  124  102
 202  115   56  143  154  206  121  215  136   90  137  187  107  194  133   50  123  101
 203  115   55  144  155  207  121  216  136   90  138  187  106  194  133   50  124  101
 204  114   56  144  155  207  122  216  137   90  138  187  107  194  133   49  124  101
 204  114   55  145  155  207  122  216  136   90  138  187  107  194  133   50  124  101
 203  113   55  145  155  206  122  216  136   90  138  186  107  194  132   50  123  101
 204  113   55  146  156  206  123  216  136   91  139  186  108  194  132   50  124  101
 203  111   55  146  156  205  123  215  135   90  139  185  108  193  131   50  123  100
 203  111   56  147  157  204  123  215  135   91  140  185  109  192  131   51  123  101
 203  111   56  146  157  204  124  214  135   91  140  184  109  192  131   51  123  100
 202  111   55  147  156  203  123  214  134   91  139  183  108  191  130   51  122  101
 202  111   57  147  157  203  124  213  135   92  140  183  109  191  131   52  123  101
 202  111   57  147  157  202  124  213  135   92  140  182  109  190  131   53  123  101
 201  112   57  147  156  202  123  213  135   93  139  182  109  190  130   54  123  102
 201  112   57  147  156  201  123  211  135   93  139  181  109  189  130   55  123  102
 201  112   58  147  156  200  124  210  135   94  139  180  110  188  130   55  123  102
 201  112   59  147  156  199  124  210  135   94  140  180  110  187  130   56  123  102
 199  111   59  147  156  198  124  209  134   94  139  179  110  187  129   56  123  102
 199  112   60  148  156  198  125  208  134   95  140  179  111  187  129   57  123  103
 199  112   60  148  156  198  125  208  134   96  139  179  110  186  128   58  122  103
 199  111   60  147  156  197  126  207  134   95  140  178  111  185  128   57  122  103
 198  112   60  149  157  197  126  208  133   96  140  179  111  187  128   58  122  104
 198  111   60  149  157  197  126  208  133   96  140  178  111  186  127   58  121  104
 199  112   61  151  158  198  127  209  133   97  141  179  112  188  127   59  122  105
 199  111   61  151  158  198  127  209  133   97  140  179  112  187  127   58  122  104
 200  112   61  151  158  199  127  209  134   97  141  179  112  188  128   59  122  104
 199  112   60  151  156  198  126  209  134   97  139  179  111  187  128   59  122  104
 199  111   60  151  156  198  126  208  134   97  139  178  111  186  129   59  122  104
 200  112   60  151  156  198  126  208  134   98  139  177  111  186  129   60  122  104
 199  112   60  151  156  197  125  208  134   98  139  177  110  185  129   60  122  104
 199  112   60  151  156  198  125  208  134   99  139  177  110  185  129   61  122  104
 199  112   60  151  155  197  124  208  134   99  138  177  110  185  129   61  122  104
 199  112   60  151  155  197  124  207  134   98  138  176  109  184  129   60  122  104
 200  111   60  150  155  196  124  207  135   98  138  176  110  184  130   60  123  103
 199  112   59  151  154  197  123  207  134   99  137  176  109  184  129   61  122  104
 200  112   59  151  154  198  123  208  135   99  138  176  109  184  130   61  122  104
 200  113   59  151  154  198  123  208  135  100  137  177  109  185  131   62  122  104
 200  112   59  150  154  197  123  208  135   99  137  176  108  184  131   61  122  103
 200  113   59  151  153  198  122  208  135  100  136  176  107  184  131   61  122  104
 200  113   58  151  152  198  121  209  135  100  136  176  107  184  131   62  122  104
 200  113   57  150  152  198  120  208  135   99  135  175  106  183  131   61  122  103
 200  112   57  150  152  197  120  208  135   99  135  175  106  183  131   61  122  103
 201  112   58  151  153  197  121  208  136  100  136  175  106  183  132   61  122  103
 201  112   58  151  153  197  121  208  136  100  136  175  107  183  132   61  122  103
 202  111   58  151  153  197  122  208  136   99  136  174  107  182  132   61  122  103
 201  111   56  152  153  197  121  208  135   99  135  174  106  183  131   61  121  103
 202  111   56  153  153  198  121  209  135  100  136  175  106  183  131   61  121  103
 203  110   56  153  154  198  121  209  135   99  136  175  106  183  131   60  122  103
 202  110   55  152  153  197  120  209  135   99  135  174  105  183  131   60  121  102
 204  110   56  153  154  198  121  209  136   99  136  175  106  183  132   60  122  102
 203  111   55  153  153  199  121  210  135  100  135  175  105  184  132   60  122  103
 204  110   55  152  153  198  121  209  136   99  136  174  105  183  133   59  122  102
 204  110   54  153  153  199  120  210  136   99  135  174  105  183  132   60  122  102
 205  111   54  153  153  199  120  210  136  100  135  175  104  183  132   60  122  102
