 109   75  112  128  124  181  127  197  123   49   84  179   83  193  114    6   88   77
 108   75  111  127  123  180  126  196  122   49   83  178   82  192  113    5   87   76
 107   74  111  127  122  180  126  195  121   48   82  178   82  192  112    5   87   76
 108   74  111  129  123  179  126  196  122   49   83  178   82  192  113    6   87   76
 107   72  111  129  122  178  125  195  121   49   82  176   82  191  112    5   87   76
 107   71  111  131  122  177  126  194  122   49   83  176   82  191  113    6   87   76
 106   69  110  131  121  175  124  193  120   48   81  174   80  190  111    5   85   75
 106   67  110  132  121  173  124  192  120   48   81  172   81  188  112    5   86   75
 105   65  109  133  120  172  123  191  120   48   81  171   80  187  111    6   85   75
 105   64  109  134  120  170  123  189  119   48   80  169   80  186  110    6   85   74
 104   62  108  135  119  169  122  188  118   48   80  168   79  185  110    6   84   74
 103   60  107  135  118  167  121  187  117   48   79  166   78  184  109    6   83   74
 103   59  107  136  117  165  121  186  117   48   79  165   78  183  108    6   83   74
 102   57  106  137  116  163  119  184  116   47   78  163   77  181  108    6   82   73
 102   55  106  137  116  161  120  183  116   46   78  161   77  180  108    6   82   72
 101   53  105  138  116  160  119  182  116   47   77  159   76  179  107    6   81   72
 101   51  105  139  115  158  118  180  115   46   77  157   76  178  107    6   81   72
 100   49  104  140  114  157  117  180  114   46   76  156   75  177  106    6   80   72
 100   47  104  141  114  155  117  178  114   46   75  154   75  176  106    7   79   71
  99   45  103  142  113  153  116  177  113   46   75  152   74  174  105    7   79   71
  99   43  103  142  113  150  116  175  113   45   75  150   74  172  105    7   79   70
  97   40  101  142  111  147  114  172  112   45   73  147   73  170  103    6   77   69
  96   38  100  142  110  145  113  170  110   44   72  145   72  168  102    6   76   68
  96   36  100  143  110  143  113  168  110   44   72  143   72  166  102    7   76   68
  95   33   99  143  109  140  112  166  109   44   71  140   70  164  100    7   74   67
  94   31   97  143  108  137  111  164  108   43   70  137   69  162   99    7   73   66
  91   27   95  143  105  133  108  161  106   42   67  134   67  159   97    7   71   65
  90   24   94  143  105  130  108  158  105   41   67  130   66  156   96    6   70   63
  89   21   93  143  103  126  106  155  103   41   65  127   65  154   95    7   69   62
  88   18   92  143  102  123  105  152  102   40   64  124   64  151   93    7   68   61
  86   15   90  143  100  119  103  149  100   39   62  120   62  147   91    7   65   60
  85   11   89  142   99  115  102  145   99   38   61  116   61  144   90    7   64   59
  84   10   88  143   98  113  101  143   98   39   60  114   60  142   89    9   63   59
  83    9   87  144   97  111  100  142   97   41   59  113   59  141   88   11   62   60
  82    8   86  145   96  109   99  140   96   41   59  110   58  139   87   13   62   60
  82    7   86  146   96  107   99  139   96   43   59  109   59  138   87   15   62   61
  82    6   86  146   96  105   99  137   96   43   59  107   59  136   87   17   62   61
  83    5   86  148   97  103   99  135   97   45   60  105   60  135   88   19   63   62
  83    5   87  150   98  102  100  135   97   47   61  104   60  134   89   22   63   63
  84    4   88  152   98  100  101  133   98   48   61  103   61  133   89   25   64   64
  85    3   89  153   99   98  102  132   99   49   62  101   62  132   90   27   65   65
  87    3   91  155  101   98  104  132  101   52   64  100   64  132   92   30   67   67
  87    2   91  156  101   96  104  130  101   53   64   98   64  130   92   32   66   67
  88    2   92  158  102   94  105  129  102   55   65   97   65  129   93   35   67   69
  88    1   92  158  102   92  105  127  102   56   65   95   65  127   93   37   67   69
  89    0   93  160  103   91  106  126  103   58   66   94   66  126   94   40   68   70
  89    0   93  161  103   89  106  124  103   59   66   92   66  125   94   43   68   71
  89    0   93  162  104   87  106  123  103   61   66   91   67  124   94   45   69   72
  90    0   94  163  104   86  107  122  104   62   67   89   67  122   95   48   69   73
  91   -1   95  163  105   84  108  120  105   63   68   87   68  121   96   50   70   74
  91   -1   96  164  106   83  109  119  105   65   69   86   69  120   96   53   71   75
  91   -1   95  164  105   81  108  117  105   66   68   84   68  118   96   54   70   75
  90   -1   95  164  105   80  108  116  104   67   68   83   68  117   95   57   70   76
  91   -1   96  165  106   78  109  115  105   69   69   82   69  116   96   60   71   77
  92   -1   96  165  106   77  109  113  106   70   69   81   70  114   97   62   72   78
  91   -2   95  165  105   75  108  112  105   71   69   79   69  113   96   63   71   78
  91   -1   95  166  105   74  108  111  105   72   69   78   69  112   96   66   71   79
  91   -2   95  165  105   73  108  109  105   73   69   77   69  110   96   67   71   79
  91   -1   95  166  105   72  108  108  105   75   69   76   69  110   96   70   71   80
  91   -2   95  165  105   70  108  106  105   75   69   74   69  108   96   71   71   80
  91   -2   96  165  106   69  108  105  105   76   69   73   70  106   96   73   72   81
  91   -2   96  165  106   68  108  104  105   77   69   72   70  105   97   74   72   81
  91   -1   96  166  106   67  108  103  105   78   69   71   70  105   96   76   72   82
  91   -2   96  165  106   66  108  103  105   78   69   71   70  104   96   75   72   81
