52	31	53	65	60	83	61	93	58	24	41	83	40	92	54	3	42	37
52	32	53	66	60	84	61	93	58	24	41	83	40	92	53	3	41	37
52	32	53	65	60	84	61	93	58	24	40	83	40	92	53	2	41	37
52	32	53	65	60	84	62	93	58	24	41	84	40	92	53	3	41	37
52	31	53	65	60	83	62	93	58	23	41	83	40	92	53	2	41	37
51	32	53	65	60	83	62	93	57	24	41	84	41	92	52	3	41	37
51	32	53	65	61	83	62	92	57	23	41	83	41	92	51	3	40	37
51	31	53	65	61	83	62	92	56	23	42	84	42	92	50	2	40	37
51	31	53	66	62	83	63	93	56	23	42	84	42	93	50	2	40	37
50	31	54	66	62	83	64	92	56	22	42	84	42	92	49	2	40	38
50	31	54	66	63	82	65	92	55	22	44	84	44	92	48	2	40	38
50	30	54	65	63	82	66	91	54	22	44	84	44	92	47	2	39	38
49	30	54	65	64	81	66	90	54	22	45	84	45	92	46	2	39	38
48	30	54	65	65	81	67	90	53	22	45	84	46	93	45	2	38	38
48	30	55	65	65	81	68	90	52	21	46	84	47	93	43	2	38	38
47	30	55	65	66	80	69	89	51	21	47	84	48	93	42	2	37	38
47	29	56	65	67	79	71	89	51	21	48	84	50	93	40	2	37	38
46	29	56	64	68	79	72	88	49	20	49	84	51	93	39	2	37	39
45	29	56	64	69	78	73	87	48	20	50	84	52	93	36	1	36	39
44	29	57	63	70	78	75	86	47	20	51	84	53	93	35	2	35	39
43	29	57	63	71	77	76	86	45	19	52	84	55	93	33	1	35	39
42	29	57	63	72	76	77	85	44	19	53	84	56	93	30	1	33	39
41	28	58	63	73	75	79	84	43	18	54	84	57	93	28	1	33	39
40	28	58	63	74	75	80	84	42	19	55	84	59	93	27	1	32	40
39	28	59	62	75	74	81	83	41	18	56	84	60	93	25	1	32	40
38	27	59	62	76	73	83	82	40	17	57	84	62	93	23	1	31	40
38	27	60	62	77	73	84	81	39	17	59	84	63	93	22	1	31	40
37	27	60	62	78	72	85	81	38	17	59	85	64	94	20	1	30	40
37	27	61	61	79	72	87	80	38	17	61	84	66	93	19	1	31	40
36	27	61	61	80	71	87	80	37	17	61	85	67	94	18	1	30	41
36	27	62	60	80	71	89	79	36	16	62	84	68	93	17	1	30	41
35	27	62	60	81	71	90	79	36	16	63	85	69	93	16	0	29	41
35	26	63	60	82	70	90	79	35	16	63	85	70	93	15	0	29	41
34	27	63	60	82	70	91	78	34	16	64	85	70	93	14	0	29	41
34	27	64	60	83	69	91	78	34	16	64	84	71	93	14	0	29	41
34	26	63	59	84	69	92	78	34	16	65	85	72	93	13	0	29	41
34	26	64	60	84	70	93	78	34	15	65	85	72	93	12	0	29	41
34	26	64	60	84	69	93	77	34	15	66	85	72	93	13	0	28	41
33	26	64	60	83	69	93	77	33	15	66	85	72	93	12	0	28	41
34	26	64	60	84	70	93	77	34	15	66	85	73	93	12	0	28	42
33	26	64	60	84	70	93	77	34	15	66	85	72	93	12	0	28	42
