92	50	4	50	59	95	39	96	48	28	56	84	38	84	48	5	48	34
92	50	4	50	59	95	39	96	48	28	56	84	38	84	48	5	48	34
92	49	4	50	59	94	39	96	48	28	57	84	39	84	48	4	48	34
92	49	4	50	60	94	40	96	48	28	57	84	39	84	48	5	48	34
92	48	4	50	60	94	40	95	48	28	57	84	39	84	47	5	47	34
92	48	5	51	60	94	40	95	48	28	58	83	40	84	47	5	47	34
92	48	4	52	60	94	40	96	48	28	58	83	40	84	46	5	47	34
91	47	5	52	61	94	41	95	47	28	58	83	41	84	46	5	47	34
91	46	5	52	62	93	42	95	47	28	59	83	41	84	45	5	47	34
91	45	5	53	62	93	43	95	46	28	59	82	41	84	44	5	46	34
91	44	5	54	64	92	44	95	46	27	60	82	42	84	43	5	46	34
91	43	5	55	65	92	44	95	45	27	61	81	43	84	42	5	45	34
91	42	6	56	66	91	46	95	45	27	62	81	44	84	41	5	45	34
91	41	5	56	67	91	47	95	44	27	62	81	45	84	40	5	45	34
91	39	5	57	68	90	48	95	44	27	63	80	46	83	39	5	44	33
91	38	5	58	69	90	50	95	43	27	65	79	47	84	38	5	44	34
91	36	5	60	71	89	51	95	43	27	65	79	48	84	36	5	44	33
91	35	6	61	73	89	53	95	42	27	67	78	50	83	35	5	43	33
90	33	6	62	74	88	54	95	41	27	68	78	51	83	33	5	43	33
90	31	6	63	75	86	56	95	40	27	69	77	52	83	31	5	42	33
90	29	7	65	77	86	58	94	40	26	71	76	53	83	30	5	42	33
90	28	8	67	79	85	61	94	39	27	72	75	55	83	29	5	41	33
90	26	8	68	81	84	62	94	39	26	73	74	56	83	27	5	41	32
90	24	8	69	82	84	64	94	38	27	75	74	58	83	26	5	41	33
90	23	9	71	84	83	66	94	38	26	76	74	59	83	25	5	41	33
90	21	9	72	86	82	67	94	37	27	77	73	60	83	24	6	40	32
90	19	9	73	87	81	69	94	37	26	78	72	61	83	23	5	40	32
89	18	9	74	88	81	70	94	36	27	79	72	62	83	21	6	39	33
90	17	10	75	89	80	71	94	36	26	80	71	63	83	20	5	39	32
89	16	9	75	90	79	72	94	35	26	80	70	64	83	19	5	38	32
88	15	9	76	90	79	72	94	34	26	80	70	64	83	17	6	37	32
88	14	9	77	91	79	73	94	33	26	80	70	64	83	16	6	37	32
87	13	9	78	91	78	73	93	32	26	80	69	64	82	15	6	36	32
87	12	9	78	92	78	74	93	32	26	81	69	65	83	15	6	36	32
87	12	9	79	92	78	74	93	32	27	81	69	65	83	14	6	35	32
87	11	9	79	92	77	75	93	32	27	81	69	65	83	14	6	35	32
86	11	9	79	92	77	75	93	31	27	81	69	65	83	13	6	35	32
86	11	9	79	92	77	75	93	31	26	81	69	65	83	13	6	35	32
86	11	9	79	92	76	75	93	31	26	81	69	65	83	13	6	35	32
86	11	9	80	93	77	76	93	31	26	82	68	66	83	13	6	35	32
86	11	9	80	93	77	76	93	31	26	82	68	66	83	13	6	35	32
