 107   64  109  133  122  170  125  189  119   48   83  170   82  187  110    6   85   75
 106   65  108  134  122  171  125  189  118   48   83  170   82  187  109    6   84   75
 105   64  107  133  121  170  124  188  117   48   82  169   81  186  108    5   83   75
 106   64  108  133  122  170  125  189  118   48   83  170   82  186  108    6   84   75
 105   63  108  133  122  169  125  188  117   47   83  169   82  186  107    5   83   75
 104   64  108  133  122  169  125  188  116   48   83  170   83  187  106    6   83   75
 104   64  108  133  123  169  126  187  116   47   84  169   84  186  104    6   82   75
 103   63  107  132  123  168  126  186  114   47   84  169   84  186  102    5   81   75
 102   63  107  132  124  167  127  186  113   46   85  169   85  186  101    5   81   75
 100   62  107  131  124  166  128  184  111   45   85  168   85  185   98    5   79   75
 100   62  108  131  126  165  130  183  110   45   87  168   87  185   97    5   79   75
  99   61  108  130  126  164  131  182  109   45   88  168   89  185   94    5   78   75
  98   60  108  129  127  162  132  180  107   44   89  167   90  184   92    4   77   75
  95   60  107  128  127  160  132  178  104   43   89  166   90  183   88    4   75   74
  94   59  107  127  128  158  134  176  102   42   90  165   92  182   85    4   74   74
  92   58  107  126  129  156  135  174  100   41   91  164   94  181   82    3   73   74
  91   57  108  125  130  154  137  172   98   41   93  163   96  180   78    3   72   74
  88   56  107  123  131  152  138  169   94   39   94  161   97  178   74    3   70   74
  85   55  106  121  131  148  139  165   91   38   94  159   98  176   69    2   68   73
  83   54  106  119  132  146  140  162   88   37   96  158  100  174   65    3   66   73
  80   53  105  117  132  142  141  159   84   36   97  156  102  172   61    2   64   72
  76   52  104  115  131  139  141  155   80   35   97  154  102  170   55    2   61   71
  74   50  104  112  131  135  141  151   77   33   97  151  103  166   51    1   59   70
  71   49  103  111  131  132  141  148   74   33   97  149  104  165   47    2   57   70
  68   48  102  108  130  129  141  144   71   31   98  146  105  162   43    1   55   69
  66   47  102  106  131  126  142  141   68   30   98  145  106  160   40    1   54   68
  64   46  101  104  130  123  142  137   66   29   99  142  107  157   37    1   53   67
  61   45  100  102  129  120  141  134   63   28   98  140  106  155   33    1   50   67
  61   44  101  100  130  118  143  132   62   28  100  139  108  153   32    1   51   66
  58   43   99   98  129  115  141  129   59   27   99  137  108  151   29    1   48   66
  57   43   99   97  129  114  142  127   58   26   99  135  109  149   27    1   48   65
  55   42   98   95  128  111  141  124   56   25   99  133  108  147   25    0   46   64
  54   41   98   94  128  110  141  123   55   25   99  133  109  146   23    0   46   64
  52   41   97   93  127  108  141  121   53   24   98  131  108  144   21    0   44   63
  53   41   98   92  128  107  141  120   53   24   99  130  109  144   21    0   45   63
  52   40   97   91  128  106  141  119   52   24   99  130  110  143   20    0   44   63
  51   40   97   91  127  106  141  118   51   23   99  129  109  142   19    0   44   63
  51   39   97   90  127  104  141  117   51   23   99  128  109  141   19    0   43   62
  50   39   96   90  126  104  140  116   50   22   99  128  109  141   18    0   43   62
  51   40   97   90  127  105  141  117   51   23   99  128  110  141   18    0   43   63
  50   40   97   90  127  105  141  117   51   23   99  128  109  141   18    0   43   63
