91	49	5	48	58	95	38	96	49	26	56	86	38	86	49	4	48	35
91	49	5	48	58	95	38	96	49	26	56	86	38	85	49	4	47	35
92	49	5	48	59	96	39	96	49	26	56	86	38	85	49	4	48	35
91	50	5	49	58	96	38	96	49	27	56	86	38	85	49	4	48	35
91	50	4	49	58	95	38	96	49	27	56	85	37	85	49	4	48	34
92	50	5	49	58	95	38	96	49	28	56	85	38	84	49	4	48	34
92	50	4	49	59	96	38	96	49	28	56	85	38	85	49	5	48	34
92	50	4	50	58	95	38	96	48	28	56	84	38	84	49	5	48	34
92	50	4	50	58	95	38	96	49	28	56	84	37	84	49	5	47	34
92	50	4	50	58	95	38	95	49	28	56	83	37	83	49	5	47	34
92	50	4	50	58	95	38	95	49	28	56	83	37	83	49	5	47	34
93	50	4	50	59	95	38	96	49	29	56	83	37	83	49	6	48	34
93	51	3	50	58	95	38	96	49	29	56	83	37	83	49	6	47	34
93	50	3	50	58	95	37	95	49	29	56	82	37	82	49	6	47	34
93	51	3	50	58	95	38	96	49	30	56	82	37	82	49	6	47	34
94	50	2	50	59	95	38	96	49	30	56	82	37	81	49	6	48	34
94	50	2	50	58	95	38	96	49	30	56	81	37	81	49	6	48	33
95	51	2	51	59	95	38	96	50	30	56	81	37	81	50	7	48	34
95	51	1	51	59	95	38	96	50	31	56	80	37	80	50	7	48	33
96	50	1	50	59	95	38	95	50	31	56	80	37	80	50	7	48	33
96	50	1	50	59	95	37	95	49	31	56	80	37	79	49	7	48	33
95	51	1	51	59	94	37	95	49	32	56	79	37	79	49	8	48	33
96	50	1	51	59	94	38	94	49	32	56	78	37	78	49	8	47	33
96	51	0	51	58	93	38	94	49	33	56	77	36	77	49	9	47	33
96	51	0	51	59	93	38	94	49	34	56	76	37	76	49	10	47	33
96	51	0	51	59	92	38	93	49	34	56	76	37	76	49	12	47	33
96	51	1	52	59	91	38	92	49	35	56	75	37	74	49	13	48	33
96	50	1	51	59	90	38	91	49	35	56	73	37	72	49	13	48	33
95	50	1	52	59	89	37	91	49	36	56	72	37	72	49	15	48	33
95	50	1	51	59	88	37	89	49	37	56	70	37	70	49	15	48	33
96	50	0	51	59	88	37	89	49	37	56	69	37	69	49	16	48	33
95	50	0	52	59	87	38	88	49	38	56	69	37	69	49	18	48	33
95	50	1	51	59	86	38	87	49	39	56	68	37	68	49	18	48	33
96	51	0	52	58	86	38	87	49	39	56	67	37	67	49	20	48	34
95	50	0	51	58	84	38	85	49	40	56	65	37	65	49	20	48	33
95	51	0	52	58	84	38	85	49	41	56	65	37	65	49	22	47	34
95	50	1	51	59	82	38	83	49	41	56	63	37	63	49	23	47	33
95	50	0	51	59	81	38	82	49	42	56	62	37	62	49	24	47	33
95	50	0	51	59	80	37	81	49	42	56	60	37	61	49	25	47	33
95	50	0	52	59	79	37	81	49	44	56	60	37	60	49	27	47	34
95	50	1	52	59	78	38	79	49	44	56	58	37	59	49	28	48	34
95	50	1	52	59	77	38	78	49	45	56	57	37	57	49	29	47	34
95	50	1	52	59	77	38	78	49	46	56	57	37	57	49	31	48	35
95	50	1	52	59	75	38	77	49	47	56	55	37	55	49	32	48	35
96	51	0	52	59	75	38	76	49	47	56	55	37	55	49	33	47	35
95	50	1	52	59	74	38	75	49	48	56	53	37	53	49	34	47	36
96	51	0	53	59	73	38	75	49	49	56	52	37	53	49	36	47	36
95	51	0	52	59	72	38	74	49	50	56	51	37	52	49	37	47	36
95	51	0	53	59	71	37	73	49	51	56	51	37	51	49	39	47	37
95	51	0	54	59	71	38	72	49	52	56	50	37	50	49	40	47	37
96	51	0	53	59	70	38	71	49	52	56	49	37	49	49	41	47	37
96	51	0	53	59	69	38	71	49	53	56	48	37	48	49	43	47	38
96	51	1	53	59	68	38	70	49	53	56	47	37	48	49	43	48	38
96	51	0	54	59	68	38	69	49	54	56	47	37	47	49	45	47	38
95	51	0	54	59	67	38	68	49	55	56	46	37	46	49	46	47	38
95	51	0	54	59	66	38	67	49	55	56	45	37	45	49	47	47	38
96	51	0	54	59	65	38	66	49	56	56	44	37	44	49	48	48	39
95	51	0	54	59	64	37	66	48	57	56	44	37	44	48	49	47	39
95	52	1	54	59	64	38	65	49	57	56	43	37	43	49	50	47	40
95	52	1	55	59	63	38	65	49	57	56	42	37	43	49	51	47	40
95	52	0	55	58	63	38	65	49	58	56	42	37	42	49	51	47	40
95	51	0	54	58	62	38	64	49	58	56	41	37	42	49	51	47	39
95	51	0	54	58	62	38	64	49	58	56	41	37	42	49	51	47	39
95	51	0	54	58	62	38	64	49	58	56	41	37	42	49	51	47	39
