52	36	53	61	59	86	60	94	58	23	40	85	39	92	54	3	42	37
52	36	53	61	59	86	60	94	58	23	40	85	39	92	54	2	42	36
51	35	53	61	58	86	60	93	58	23	39	85	39	92	53	2	42	36
52	35	53	62	59	85	60	94	58	23	40	85	39	92	54	3	42	36
51	35	53	62	59	85	60	94	58	24	39	84	39	92	54	2	42	36
51	34	53	63	59	85	60	93	59	24	40	84	39	92	54	3	42	36
51	33	53	63	58	84	60	93	58	23	39	84	39	92	54	2	41	36
51	32	53	64	59	84	60	93	58	23	39	83	39	91	54	2	42	36
51	32	53	65	58	84	60	93	58	23	39	83	39	91	54	3	41	37
51	31	53	66	59	83	60	93	58	24	39	83	39	91	54	3	42	36
51	31	53	66	59	83	60	93	58	24	39	83	39	91	54	3	41	36
51	30	53	67	59	83	60	93	58	24	39	83	39	92	54	3	41	37
51	29	53	68	58	82	60	93	58	24	39	82	39	91	54	3	41	37
51	29	53	69	58	82	60	92	58	24	39	82	39	91	54	3	41	37
52	28	54	69	59	81	61	92	59	23	39	81	39	91	55	3	41	36
51	27	53	70	59	81	60	92	59	24	39	81	39	91	54	3	41	37
52	26	54	71	59	81	60	92	59	23	39	80	39	91	55	3	41	37
51	25	53	72	59	81	60	92	59	24	39	80	39	91	54	3	41	37
52	24	54	73	59	80	60	92	59	24	39	79	39	91	55	4	41	37
51	23	53	74	59	79	60	92	59	24	39	79	38	90	54	4	41	37
52	23	54	74	59	79	61	92	59	24	39	79	39	90	55	4	41	37
52	21	54	76	59	78	61	92	60	24	39	78	39	91	55	3	41	37
52	20	54	77	59	78	61	92	59	24	39	78	39	91	55	3	41	37
52	20	54	78	60	78	61	91	60	24	39	78	39	90	55	4	41	37
52	18	55	79	60	77	62	92	60	24	39	77	39	90	55	4	41	37
52	17	54	80	60	76	62	92	60	24	39	76	39	90	55	4	41	37
52	15	54	81	60	76	61	91	60	24	38	76	38	90	55	4	40	37
52	14	54	82	60	75	62	91	60	24	39	75	38	90	55	3	40	36
52	12	54	84	60	74	62	91	60	24	38	74	38	90	56	4	40	36
52	11	55	85	61	73	63	91	61	24	38	74	38	90	55	4	41	36
52	9	55	87	61	72	63	91	61	24	38	73	38	89	55	4	39	36
53	7	55	88	61	71	63	90	61	24	38	72	38	89	56	4	40	37
53	6	55	90	61	71	63	90	61	24	38	72	38	89	56	6	40	37
53	6	55	92	62	71	64	90	62	26	38	72	38	90	56	7	39	38
53	5	55	93	62	70	64	90	62	26	38	71	37	90	56	8	40	39
53	5	55	94	62	69	64	90	62	28	38	70	38	89	56	10	40	39
53	4	55	94	62	68	64	88	62	28	38	69	38	88	56	11	40	39
53	3	55	94	62	65	63	86	62	29	38	67	38	86	56	12	40	39
52	3	55	94	61	64	63	85	61	29	38	65	38	84	56	14	40	40
52	2	55	95	61	62	63	83	61	30	38	64	38	83	55	16	40	40
53	2	55	95	61	61	63	82	61	30	38	63	38	82	56	17	40	40
53	2	55	94	61	60	63	80	61	32	39	61	39	80	56	18	41	41
53	1	55	94	61	58	63	78	61	32	39	59	39	78	56	19	40	40
52	1	55	94	61	56	63	77	61	33	39	58	39	77	55	21	40	41
52	1	55	94	61	55	63	76	61	33	39	57	39	76	55	22	40	41
53	0	55	95	61	54	63	75	61	34	39	56	39	75	56	24	40	41
52	0	55	95	61	52	62	73	61	35	39	54	39	74	55	25	40	42
52	0	54	95	61	51	62	72	60	36	39	53	39	73	55	26	40	42
52	0	55	95	61	50	62	71	61	36	39	52	39	71	55	28	40	42
53	-1	55	94	61	49	62	69	61	36	39	50	39	70	56	29	40	43
52	-1	55	94	61	48	63	68	60	37	40	49	40	69	55	30	41	43
52	-1	55	94	60	47	62	67	60	38	39	48	39	68	55	31	40	43
52	-1	55	94	60	46	62	67	60	39	39	48	39	67	55	33	40	44
52	-1	55	94	61	45	62	66	60	39	39	47	39	66	55	34	41	44
53	-1	55	94	61	44	62	65	61	40	39	46	40	65	55	35	41	45
52	-1	54	94	60	43	62	64	60	41	39	45	39	65	55	36	41	45
52	-1	54	95	60	42	62	63	60	41	39	45	39	64	55	38	41	45
52	-1	54	94	60	42	62	62	60	42	39	44	39	63	55	38	41	45
52	-1	54	94	60	41	61	61	60	43	39	43	39	62	55	40	40	45
52	-1	54	94	60	40	62	61	60	43	39	42	39	62	55	41	41	46
52	-1	55	94	61	39	62	60	60	43	39	42	40	61	55	42	41	46
52	-1	55	94	61	39	62	59	60	44	39	41	40	60	55	42	41	46
52	-1	55	95	61	38	62	59	60	45	39	41	40	60	55	43	41	47
52	-1	55	94	61	38	62	59	60	45	39	41	40	59	55	43	41	46
